0.01 0.91 0.01 0.01 0.01 0.01 0.01 0.01 0.01 0.01
0.01 0.01 0.91 0.01 0.01 0.01 0.01 0.01 0.01 0.01
0.01 0.01 0.01 0.01 0.01 0.01 0.91 0.01 0.01 0.01
0.01 0.01 0.01 0.01 0.01 0.01 0.01 0.01 0.91 0.01
0.01 0.01 0.01 0.01 0.01 0.01 0.01 0.01 0.01 0.91
0.01 0.91 0.01 0.01 0.01 0.01 0.01 0.01 0.01 0.01
0.01 0.01 0.91 0.01 0.01 0.01 0.01 0.01 0.01 0.01
0.01 0.01 0.01 0.01 0.01 0.01 0.91 0.01 0.01 0.01
0.01 0.01 0.01 0.01 0.01 0.01 0.01 0.01 0.91 0.01
0.01 0.01 0.01 0.01 0.01 0.01 0.01 0.01 0.01 0.91
